id	well	abs_649	abs_665	blank_649	blank_665	abs_649_corrected	abs_665_corrected
blank	A1		0.103	0.053	0.071	-0.053	0.032
blank	B1	0.051	0.054	0.053	0.071	-0.002	-0.017
blank	C1	0.055	0.055	0.053	0.071	0.002	-0.016
104	A2	0.167	0.357	0.053	0.071	0.114	0.286
104	B2	0.179	0.368	0.053	0.071	0.126	0.297
104	C2	0.165	0.356	0.053	0.071	0.112	0.285
105	A3	0.178	0.409	0.053	0.071	0.125	0.338
105	B3	0.18	0.404	0.053	0.071	0.127	0.333
105	C3	0.175	0.412	0.053	0.071	0.122	0.341
106	A4	0.188	0.404	0.053	0.071	0.135	0.333
106	B4	0.192	0.429	0.053	0.071	0.139	0.358
106	C4	0.187	0.419	0.053	0.071	0.134	0.348
107	A5	0.195	0.42	0.053	0.071	0.142	0.349
107	B5	0.188	0.412	0.053	0.071	0.135	0.341
107	C5	0.18	0.406	0.053	0.071	0.127	0.335
108	A6	0.21	0.479	0.053	0.071	0.157	0.408
108	B6	0.201	0.466	0.053	0.071	0.148	0.395
108	C6	0.193	0.455	0.053	0.071	0.140	0.384
109	A7	0.125	0.253	0.053	0.071	0.072	0.182
109	B7	0.126	0.268	0.053	0.071	0.073	0.197
109	C7	0.13	0.253	0.053	0.071	0.077	0.182
110	A8	0.06	0.063	0.053	0.071	0.007	-0.008
110	B8	0.06	0.058	0.053	0.071	0.007	-0.013
110	C8	0.077	0.082	0.053	0.071	0.024	0.011
111	A9	0.053	0.064	0.053	0.071	0.000	-0.007
111	B9	0.052	0.062	0.053	0.071	-0.001	-0.009
111	C9	0.058	0.064	0.053	0.071	0.005	-0.007
112	A10	0.127	0.273	0.053	0.071	0.074	0.202
112	B10	0.151	0.301	0.053	0.071	0.098	0.230
112	C10	0.128	0.275	0.053	0.071	0.075	0.204
113	A11	0.058	0.08	0.053	0.071	0.005	0.009
113	B11	0.058	0.078	0.053	0.071	0.005	0.007
113	C11	0.052	0.071	0.053	0.071	-0.001	0.000
114	A12	0.057	0.067	0.053	0.071	0.004	-0.004
114	B12	0.06	0.078	0.053	0.071	0.007	0.007
114	C12	0.053	0.068	0.053	0.071	0.000	-0.003
115	D1	0.065	0.077	0.053	0.071	0.012	0.006
115	E1	0.055	0.081	0.053	0.071	0.002	0.010
115	F1	0.055	0.066	0.053	0.071	0.002	-0.005
116	D2	0.081	0.105	0.053	0.071	0.028	0.034
116	E2	0.079	0.098	0.053	0.071	0.026	0.027
116	F2	0.068	0.094	0.053	0.071	0.015	0.023
117	D3	0.088	0.157	0.053	0.071	0.035	0.086
117	E3	0.088	0.156	0.053	0.071	0.035	0.085
117	F3	0.089	0.157	0.053	0.071	0.036	0.086
118	D4	0.069	0.105	0.053	0.071	0.016	0.034
118	E4	0.067	0.103	0.053	0.071	0.014	0.032
118	F4	0.077	0.112	0.053	0.071	0.024	0.041
119	D5	0.067	0.093	0.053	0.071	0.014	0.022
119	E5	0.06	0.085	0.053	0.071	0.007	0.014
119	F5	0.067	0.101	0.053	0.071	0.014	0.030
120	D6	0.08	0.125	0.053	0.071	0.027	0.054
120	E6	0.071	0.116	0.053	0.071	0.018	0.045
120	F6	0.085	0.132	0.053	0.071	0.032	0.061
121	D7	0.076	0.131	0.053	0.071	0.023	0.060
121	E7	0.092	0.156	0.053	0.071	0.039	0.085
121	F7	0.089	0.142	0.053	0.071	0.036	0.071
122	D8	0.083	0.139	0.053	0.071	0.030	0.068
122	E8	0.091	0.151	0.053	0.071	0.038	0.080
122	F8	0.095	0.161	0.053	0.071	0.042	0.090
123	D9	0.099	0.184	0.053	0.071	0.046	0.113
123	E9	0.103	0.186	0.053	0.071	0.050	0.115
123	F9	0.104	0.191	0.053	0.071	0.051	0.120
124	D10	0.069	0.105	0.053	0.071	0.016	0.034
124	E10	0.07	0.106	0.053	0.071	0.017	0.035
124	F10	0.067	0.105	0.053	0.071	0.014	0.034
125	D11	0.099	0.191	0.053	0.071	0.046	0.120
125	E11	0.104	0.197	0.053	0.071	0.051	0.126
125	F11	0.102	0.196	0.053	0.071	0.049	0.125
126	D12	0.125	0.242	0.053	0.071	0.072	0.171
126	E12	0.113	0.238	0.053	0.071	0.060	0.167
126	F12	0.126	0.252	0.053	0.071	0.073	0.181
127	G1	0.095	0.162	0.053	0.071	0.042	0.091
127	G2	0.087	0.159	0.053	0.071	0.034	0.088
127	G3	0.093	0.166	0.053	0.071	0.040	0.095
128	G4	0.102	0.182	0.053	0.071	0.049	0.111
128	G5	0.117	0.206	0.053	0.071	0.064	0.135
128	G6	0.117	0.207	0.053	0.071	0.064	0.136
129	G7	0.106	0.214	0.053	0.071	0.053	0.143
129	G8	0.111	0.219	0.053	0.071	0.058	0.148
129	G9	0.115	0.234	0.053	0.071	0.062	0.163
130	G10	0.116	0.234	0.053	0.071	0.063	0.163
130	G11	0.123	0.244	0.053	0.071	0.070	0.173
130	G12	0.125	0.245	0.053	0.071	0.072	0.174
131	H1	0.135	0.294	0.053	0.071	0.082	0.223
131	H2	0.141	0.298	0.053	0.071	0.088	0.227
131	H3	0.144	0.307	0.053	0.071	0.091	0.236
132	H4	0.126	0.253	0.053	0.071	0.073	0.182
132	H5	0.124	0.252	0.053	0.071	0.071	0.181
132	H6	0.128	0.265	0.053	0.071	0.075	0.194
133	H7	0.15	0.327	0.053	0.071	0.097	0.256
133	H8	0.161	0.342	0.053	0.071	0.108	0.271
133	H9	0.151	0.332	0.053	0.071	0.098	0.261
134	H10	0.16	0.36	0.053	0.071	0.107	0.289
134	H11	0.167	0.377	0.053	0.071	0.114	0.306
134	H12	0.162	0.372	0.053	0.071	0.109	0.301