id	well	abs_649	abs_665	blank_649	blank_665	abs_649_corrected	abs_665_corrected
blank	A1	0.225	0.212	0.236	0.223	-0.011	-0.011
blank	B1	0.263	0.246	0.236	0.223	0.027	0.023
blank	C1	0.22	0.21	0.236	0.223	-0.016	-0.013
50	A2	0.261	0.316	0.236	0.223	0.025	0.093
50	B2	0.266	0.319	0.236	0.223	0.03	0.096
50	C2	0.254	0.307	0.236	0.223	0.018	0.084
53	A3	0.246	0.271	0.236	0.223	0.01	0.048
53	B3	0.252	0.277	0.236	0.223	0.016	0.054
53	C3	0.255	0.28	0.236	0.223	0.019	0.057
54	A4	0.263	0.312	0.236	0.223	0.027	0.089
54	B4	0.27	0.321	0.236	0.223	0.034	0.098
54	C4	0.267	0.319	0.236	0.223	0.031	0.096
55	A5	0.257	0.289	0.236	0.223	0.021	0.066
55	B5	0.261	0.293	0.236	0.223	0.025	0.07
55	C5	0.254	0.286	0.236	0.223	0.018	0.063
58	A6	0.264	0.313	0.236	0.223	0.028	0.09
58	B6	0.268	0.316	0.236	0.223	0.032	0.093
58	C6	0.268	0.318	0.236	0.223	0.032	0.095
62	A7	0.255	0.299	0.236	0.223	0.019	0.076
62	B7	0.261	0.305	0.236	0.223	0.025	0.082
62	C7	0.265	0.31	0.236	0.223	0.029	0.087
63	A8	0.288	0.377	0.236	0.223	0.052	0.154
63	B8	0.294	0.385	0.236	0.223	0.058	0.162
63	C8	0.276	0.374	0.236	0.223	0.04	0.151
64	A9	0.272	0.336	0.236	0.223	0.036	0.113
64	B9	0.278	0.337	0.236	0.223	0.042	0.114
64	C9	0.276	0.34	0.236	0.223	0.04	0.117
67	A10	0.302	0.402	0.236	0.223	0.066	0.179
67	B10	0.297	0.397	0.236	0.223	0.061	0.174
67	C10	0.303	0.405	0.236	0.223	0.067	0.182
72	A11	0.362	0.574	0.236	0.223	0.126	0.351
72	B11	0.369	0.577	0.236	0.223	0.133	0.354
72	C11	0.329	0.538	0.236	0.223	0.093	0.315
1	A12	0.311	0.459	0.236	0.223	0.075	0.236
1	B12	0.313	0.461	0.236	0.223	0.077	0.238
1	C12	0.317	0.469	0.236	0.223	0.081	0.246
2	D1	0.34	0.513	0.236	0.223	0.104	0.29
2	E1	0.344	0.523	0.236	0.223	0.108	0.3
2	F1	0.352	0.535	0.236	0.223	0.116	0.312
4	D2	0.327	0.488	0.236	0.223	0.091	0.265
4	E2	0.328	0.483	0.236	0.223	0.092	0.26
4	F2	0.318	0.477	0.236	0.223	0.082	0.254
35	D3	0.368	0.59	0.236	0.223	0.132	0.367
35	E3	0.37	0.599	0.236	0.223	0.134	0.376
35	F3	0.373	0.599	0.236	0.223	0.137	0.376
7	D4	0.341	0.516	0.236	0.223	0.105	0.293
7	E4	0.334	0.508	0.236	0.223	0.098	0.285
7	F4	0.342	0.52	0.236	0.223	0.106	0.297
8	D5	0.344	0.525	0.236	0.223	0.108	0.302
8	E5	0.351	0.531	0.236	0.223	0.115	0.308
8	F5	0.309	0.497	0.236	0.223	NA	0.274
10	D6	0.36	0.513	0.236	0.223	NA	0.29
10	E6	0.344	0.51	0.236	0.223	0.108	0.287
10	F6	0.33	0.51	0.236	0.223	0.094	0.287
13	D7	0.318	0.464	0.236	0.223	0.082	0.241
13	E7	0.32	0.466	0.236	0.223	0.084	0.243
13	F7	0.329	0.479	0.236	0.223	0.093	0.256
14	D8	0.319	0.447	0.236	0.223	0.083	0.224
14	E8	0.323	0.45	0.236	0.223	0.087	0.227
14	F8	0.279	0.411	0.236	0.223	NA	0.188
68	D9	0.334	0.487	0.236	0.223	0.098	0.264
68	E9	0.33	0.485	0.236	0.223	0.094	0.262
68	F9	0.334	0.501	0.236	0.223	0.098	0.278
22	D10	0.294	0.387	0.236	0.223	0.058	0.164
22	E10	0.297	0.386	0.236	0.223	0.061	0.163
22	F10	0.286	0.377	0.236	0.223	0.05	0.154
27	D11	0.332	0.488	0.236	0.223	0.096	0.265
27	E11	0.329	0.481	0.236	0.223	0.093	0.258
27	F11	0.327	0.494	0.236	0.223	0.091	0.271
31	D12	0.328	0.485	0.236	0.223	0.092	0.262
31	E12	0.331	0.483	0.236	0.223	0.095	0.26
31	F12	0.333	0.492	0.236	0.223	0.097	0.269
32	G1	0.32	0.482	0.236	0.223	0.084	0.259
32	G2	0.334	0.497	0.236	0.223	0.098	0.274
32	G3	0.331	0.5	0.236	0.223	0.095	0.277
37	G4	0.234	0.247	0.236	0.223	NA	0.024
37	G5	0.232	0.246	0.236	0.223	NA	0.023
37	G6	0.241	0.256	0.236	0.223	0.005	0.033
41	G7	0.304	0.434	0.236	0.223	0.068	0.211
41	G8	0.325	0.452	0.236	0.223	0.089	0.229
41	G9	0.307	0.44	0.236	0.223	0.071	0.217
43	G10	0.238	0.247	0.236	0.223	0.002	0.024
43	G11	0.236	0.246	0.236	0.223	0	0.023
43	G12	0.233	0.242	0.236	0.223	NA	0.019
45	H1	0.316	0.407	0.236	0.223	0.08	0.184
45	H2	0.284	0.377	0.236	0.223	0.048	0.154
45	H3	0.276	0.368	0.236	0.223	0.04	0.145
47	H4	0.291	0.357	0.236	0.223	0.055	0.134
47	H5	0.293	0.36	0.236	0.223	0.057	0.137
47	H6	0.264	0.335	0.236	0.223	0.028	0.112
48	H7	0.245	0.305	0.236	0.223	0.009	0.082
48	H8	0.281	0.34	0.236	0.223	0.045	0.117
48	H9	0.291	0.353	0.236	0.223	0.055	0.13
51	H10	0.254	0.308	0.236	0.223	0.018	0.085
51	H11	0.263	0.316	0.236	0.223	0.027	0.093
51	H12	0.268	0.323	0.236	0.223	0.032	0.1